0	3
0	5
0	6
0	7
0	9
0	10
0	15
0	16
0	17
0	21
0	23
0	24
0	27
0	29
0	30
0	31
0	33
0	35
0	37
0	43
0	45
0	46
0	47
0	49
0	50
0	53
0	55
0	56
0	60
0	73
0	74
0	76
0	79
0	82
0	85
0	90
0	91
0	92
0	93
0	95
1	3
1	4
1	5
1	7
1	8
1	14
1	16
1	17
1	18
1	21
1	26
1	29
1	35
1	38
1	40
1	42
1	44
1	45
1	46
1	47
1	52
1	56
1	62
1	63
1	64
1	65
1	67
1	71
1	72
1	73
1	74
1	76
1	77
1	80
1	81
1	87
1	88
1	90
1	91
1	92
1	93
1	98
1	99
2	4
2	5
2	8
2	9
2	10
2	11
2	12
2	20
2	21
2	24
2	26
2	27
2	29
2	31
2	33
2	35
2	40
2	42
2	44
2	47
2	48
2	49
2	51
2	52
2	56
2	58
2	59
2	61
2	62
2	63
2	65
2	66
2	67
2	69
2	71
2	74
2	76
2	77
2	79
2	83
2	87
2	89
2	90
2	92
2	93
2	97
2	98
3	0
3	1
3	5
3	6
3	8
3	16
3	18
3	19
3	21
3	22
3	29
3	30
3	33
3	38
3	41
3	42
3	43
3	48
3	50
3	53
3	56
3	65
3	67
3	69
3	70
3	72
3	73
3	74
3	75
3	76
3	77
3	81
3	84
3	88
3	90
3	91
3	92
3	94
3	95
3	96
3	97
3	98
4	1
4	2
4	5
4	6
4	9
4	11
4	12
4	17
4	18
4	20
4	22
4	24
4	26
4	29
4	31
4	33
4	34
4	36
4	37
4	38
4	39
4	40
4	43
4	44
4	45
4	46
4	48
4	50
4	51
4	53
4	55
4	57
4	65
4	66
4	68
4	72
4	74
4	77
4	81
4	82
4	85
4	86
4	87
4	91
4	93
4	95
4	96
5	0
5	1
5	2
5	3
5	4
5	6
5	10
5	12
5	15
5	16
5	18
5	21
5	23
5	24
5	26
5	27
5	28
5	29
5	34
5	35
5	38
5	40
5	41
5	43
5	46
5	48
5	49
5	50
5	51
5	52
5	54
5	59
5	64
5	65
5	66
5	67
5	70
5	73
5	74
5	75
5	80
5	81
5	82
5	87
5	90
5	92
5	93
5	95
5	96
5	99
6	0
6	3
6	4
6	5
6	7
6	8
6	9
6	10
6	11
6	16
6	17
6	18
6	19
6	20
6	21
6	22
6	23
6	25
6	26
6	28
6	29
6	30
6	31
6	33
6	34
6	35
6	36
6	38
6	39
6	40
6	41
6	42
6	43
6	45
6	48
6	53
6	54
6	55
6	57
6	58
6	61
6	66
6	67
6	68
6	69
6	70
6	71
6	72
6	78
6	79
6	81
6	84
6	85
6	86
6	88
6	89
6	92
6	93
6	94
6	97
7	0
7	1
7	6
7	8
7	9
7	14
7	17
7	18
7	19
7	20
7	23
7	24
7	26
7	27
7	28
7	29
7	31
7	32
7	36
7	37
7	38
7	39
7	41
7	42
7	43
7	45
7	47
7	48
7	49
7	51
7	53
7	54
7	61
7	62
7	66
7	67
7	68
7	69
7	72
7	73
7	74
7	76
7	79
7	81
7	85
7	86
7	87
7	89
7	91
7	92
7	93
7	96
7	97
7	98
8	1
8	2
8	3
8	6
8	7
8	9
8	10
8	11
8	13
8	14
8	15
8	16
8	19
8	22
8	25
8	30
8	31
8	36
8	40
8	42
8	44
8	49
8	50
8	51
8	52
8	55
8	56
8	58
8	61
8	65
8	67
8	68
8	73
8	74
8	75
8	79
8	80
8	81
8	82
8	85
8	88
8	89
8	93
8	94
9	0
9	2
9	4
9	6
9	7
9	8
9	11
9	14
9	15
9	16
9	18
9	20
9	22
9	23
9	25
9	29
9	31
9	35
9	36
9	38
9	41
9	42
9	43
9	44
9	45
9	46
9	47
9	49
9	50
9	52
9	54
9	55
9	56
9	57
9	59
9	60
9	63
9	66
9	69
9	70
9	71
9	72
9	73
9	74
9	77
9	80
9	83
9	84
9	90
9	92
9	94
9	97
9	98
9	99
10	0
10	2
10	5
10	6
10	8
10	13
10	15
10	18
10	21
10	23
10	25
10	26
10	27
10	31
10	37
10	39
10	43
10	49
10	50
10	51
10	52
10	53
10	54
10	55
10	57
10	59
10	61
10	63
10	64
10	66
10	68
10	69
10	70
10	71
10	72
10	73
10	76
10	79
10	81
10	82
10	83
10	84
10	85
10	87
10	89
10	94
10	96
10	97
10	99
11	2
11	4
11	6
11	8
11	9
11	12
11	13
11	16
11	17
11	19
11	21
11	30
11	40
11	42
11	44
11	46
11	52
11	54
11	55
11	58
11	59
11	60
11	61
11	62
11	63
11	67
11	69
11	70
11	72
11	73
11	75
11	77
11	79
11	80
11	81
11	84
11	86
11	87
11	89
11	92
11	93
11	94
11	98
12	2
12	4
12	5
12	11
12	14
12	16
12	17
12	19
12	20
12	21
12	26
12	27
12	28
12	29
12	30
12	32
12	33
12	36
12	37
12	39
12	42
12	45
12	46
12	47
12	48
12	50
12	51
12	52
12	53
12	56
12	58
12	59
12	60
12	61
12	65
12	67
12	68
12	70
12	71
12	77
12	79
12	80
12	82
12	83
12	84
12	85
12	89
12	90
12	91
12	93
12	95
12	96
12	97
12	98
13	8
13	10
13	11
13	16
13	17
13	19
13	21
13	22
13	23
13	24
13	28
13	31
13	33
13	34
13	35
13	39
13	41
13	42
13	44
13	45
13	46
13	48
13	51
13	53
13	54
13	56
13	57
13	67
13	69
13	70
13	71
13	72
13	73
13	74
13	76
13	77
13	78
13	81
13	84
13	85
13	86
13	87
13	91
13	94
13	96
13	97
13	99
14	1
14	7
14	8
14	9
14	12
14	15
14	16
14	19
14	26
14	28
14	34
14	36
14	37
14	39
14	42
14	43
14	48
14	52
14	54
14	55
14	56
14	58
14	61
14	62
14	63
14	65
14	69
14	70
14	72
14	74
14	80
14	83
14	84
14	87
14	88
14	91
14	92
14	96
14	98
14	99
15	0
15	5
15	8
15	9
15	10
15	14
15	17
15	18
15	23
15	27
15	28
15	31
15	32
15	36
15	38
15	41
15	44
15	46
15	47
15	48
15	50
15	55
15	56
15	57
15	58
15	59
15	60
15	66
15	67
15	70
15	71
15	73
15	74
15	76
15	77
15	83
15	84
15	89
15	91
15	92
15	93
15	95
16	0
16	1
16	3
16	5
16	6
16	8
16	9
16	11
16	12
16	13
16	14
16	18
16	20
16	22
16	23
16	25
16	29
16	30
16	31
16	32
16	38
16	40
16	44
16	46
16	47
16	48
16	54
16	58
16	61
16	66
16	69
16	70
16	72
16	74
16	75
16	76
16	77
16	82
16	84
16	87
16	90
16	91
16	92
16	94
16	95
16	98
17	0
17	1
17	4
17	6
17	7
17	11
17	12
17	13
17	15
17	18
17	20
17	23
17	26
17	27
17	28
17	30
17	33
17	35
17	36
17	38
17	39
17	40
17	43
17	45
17	46
17	48
17	50
17	54
17	56
17	57
17	59
17	60
17	61
17	62
17	65
17	66
17	68
17	71
17	74
17	79
17	80
17	81
17	82
17	84
17	86
17	87
17	88
17	89
17	91
17	93
17	94
17	95
17	98
17	99
18	1
18	3
18	4
18	5
18	6
18	7
18	9
18	10
18	15
18	16
18	17
18	20
18	24
18	26
18	29
18	31
18	33
18	36
18	37
18	41
18	46
18	48
18	51
18	53
18	55
18	58
18	61
18	62
18	63
18	66
18	68
18	69
18	71
18	73
18	77
18	78
18	80
18	81
18	84
18	85
18	86
18	87
18	89
18	93
18	94
18	96
18	97
18	98
19	3
19	6
19	7
19	8
19	11
19	12
19	13
19	14
19	22
19	23
19	24
19	26
19	28
19	30
19	32
19	33
19	35
19	36
19	41
19	42
19	43
19	44
19	45
19	46
19	49
19	50
19	51
19	52
19	53
19	56
19	60
19	62
19	63
19	66
19	67
19	68
19	70
19	72
19	74
19	75
19	78
19	79
19	81
19	82
19	83
19	84
19	85
19	86
19	88
19	89
19	92
19	93
19	94
19	95
19	97
19	98
19	99
20	2
20	4
20	6
20	7
20	9
20	12
20	16
20	17
20	18
20	23
20	25
20	31
20	33
20	36
20	39
20	41
20	42
20	43
20	45
20	46
20	47
20	49
20	52
20	53
20	54
20	55
20	56
20	61
20	63
20	64
20	65
20	69
20	71
20	72
20	73
20	74
20	75
20	77
20	78
20	81
20	84
20	85
20	86
20	87
20	89
20	90
20	92
20	93
20	97
20	98
21	0
21	1
21	2
21	3
21	5
21	6
21	10
21	11
21	12
21	13
21	24
21	25
21	26
21	28
21	30
21	31
21	32
21	38
21	39
21	44
21	45
21	46
21	47
21	52
21	53
21	54
21	55
21	57
21	58
21	60
21	63
21	64
21	65
21	66
21	67
21	68
21	73
21	74
21	76
21	78
21	79
21	81
21	83
21	84
21	85
21	87
21	88
21	89
21	91
21	92
21	93
21	96
21	97
22	3
22	4
22	6
22	8
22	9
22	13
22	16
22	19
22	30
22	31
22	36
22	38
22	43
22	44
22	45
22	46
22	48
22	50
22	51
22	52
22	55
22	56
22	57
22	59
22	63
22	65
22	66
22	68
22	73
22	74
22	75
22	76
22	78
22	79
22	81
22	84
22	85
22	86
22	89
22	91
22	92
22	93
22	94
22	95
23	0
23	5
23	6
23	7
23	9
23	10
23	13
23	15
23	16
23	17
23	19
23	20
23	27
23	28
23	33
23	35
23	36
23	37
23	40
23	42
23	43
23	44
23	46
23	47
23	50
23	54
23	61
23	65
23	66
23	67
23	71
23	72
23	74
23	75
23	77
23	81
23	83
23	85
23	86
23	87
23	91
23	92
23	93
23	94
23	95
23	96
23	97
24	0
24	2
24	4
24	5
24	7
24	13
24	18
24	19
24	21
24	25
24	26
24	27
24	28
24	29
24	31
24	34
24	35
24	39
24	40
24	41
24	42
24	46
24	48
24	49
24	50
24	51
24	52
24	55
24	57
24	58
24	59
24	60
24	62
24	63
24	64
24	65
24	69
24	70
24	71
24	72
24	73
24	75
24	76
24	78
24	79
24	81
24	82
24	86
24	88
24	93
24	94
24	96
24	97
24	99
25	6
25	8
25	9
25	10
25	16
25	20
25	21
25	24
25	27
25	28
25	30
25	31
25	34
25	35
25	36
25	37
25	38
25	41
25	44
25	46
25	48
25	50
25	52
25	53
25	56
25	59
25	61
25	62
25	63
25	64
25	65
25	67
25	73
25	74
25	75
25	77
25	78
25	79
25	81
25	82
25	83
25	85
25	88
25	90
25	94
25	97
25	98
25	99
26	1
26	2
26	4
26	5
26	6
26	7
26	10
26	12
26	14
26	17
26	18
26	19
26	21
26	24
26	27
26	29
26	30
26	31
26	32
26	34
26	35
26	37
26	38
26	40
26	41
26	43
26	45
26	46
26	55
26	57
26	58
26	59
26	61
26	62
26	63
26	64
26	67
26	69
26	70
26	71
26	72
26	75
26	78
26	79
26	80
26	82
26	83
26	85
26	86
26	87
26	88
26	90
26	92
26	93
26	96
26	98
26	99
27	0
27	2
27	5
27	7
27	10
27	12
27	15
27	17
27	23
27	24
27	25
27	26
27	28
27	29
27	30
27	31
27	34
27	37
27	39
27	42
27	43
27	45
27	46
27	47
27	48
27	49
27	50
27	52
27	57
27	60
27	61
27	62
27	63
27	64
27	67
27	69
27	70
27	71
27	74
27	75
27	76
27	78
27	79
27	80
27	83
27	87
27	88
27	90
27	91
27	92
27	94
27	96
27	98
28	5
28	6
28	7
28	12
28	13
28	14
28	15
28	17
28	19
28	21
28	23
28	24
28	25
28	27
28	34
28	35
28	38
28	45
28	47
28	48
28	50
28	51
28	53
28	54
28	55
28	56
28	58
28	64
28	66
28	68
28	74
28	75
28	77
28	78
28	80
28	82
28	85
28	89
28	90
28	92
28	95
28	97
28	98
28	99
29	0
29	1
29	2
29	3
29	4
29	5
29	6
29	7
29	9
29	12
29	16
29	18
29	24
29	26
29	27
29	31
29	32
29	33
29	39
29	41
29	50
29	51
29	52
29	53
29	56
29	58
29	60
29	63
29	68
29	69
29	72
29	77
29	78
29	79
29	80
29	81
29	82
29	84
29	88
29	89
29	90
29	93
29	95
29	96
29	97
29	98
30	0
30	3
30	6
30	8
30	11
30	12
30	16
30	17
30	19
30	21
30	22
30	25
30	26
30	27
30	31
30	32
30	36
30	37
30	38
30	42
30	46
30	47
30	48
30	50
30	51
30	53
30	54
30	55
30	56
30	57
30	58
30	60
30	61
30	63
30	64
30	65
30	66
30	67
30	69
30	71
30	72
30	73
30	78
30	80
30	81
30	82
30	85
30	91
30	92
30	93
30	94
30	96
30	97
30	99
31	0
31	2
31	4
31	6
31	7
31	8
31	9
31	10
31	13
31	15
31	16
31	18
31	20
31	21
31	22
31	24
31	25
31	26
31	27
31	29
31	30
31	34
31	35
31	36
31	37
31	41
31	42
31	44
31	47
31	51
31	54
31	55
31	57
31	58
31	60
31	63
31	65
31	69
31	70
31	74
31	78
31	82
31	83
31	84
31	86
31	87
31	88
31	91
31	93
31	94
31	95
31	96
32	7
32	12
32	15
32	16
32	19
32	21
32	26
32	29
32	30
32	35
32	38
32	39
32	41
32	42
32	47
32	48
32	50
32	55
32	56
32	60
32	61
32	62
32	63
32	64
32	66
32	67
32	68
32	69
32	70
32	71
32	72
32	74
32	77
32	80
32	83
32	84
32	88
32	89
32	90
32	93
32	94
32	96
32	97
32	99
33	0
33	2
33	3
33	4
33	6
33	12
33	13
33	17
33	18
33	19
33	20
33	23
33	29
33	34
33	35
33	36
33	38
33	39
33	41
33	43
33	45
33	46
33	47
33	51
33	54
33	58
33	60
33	62
33	64
33	65
33	66
33	70
33	73
33	77
33	80
33	81
33	82
33	84
33	85
33	87
33	88
33	89
33	90
33	93
33	96
33	98
34	4
34	5
34	6
34	13
34	14
34	24
34	25
34	26
34	27
34	28
34	31
34	33
34	36
34	37
34	38
34	39
34	40
34	41
34	43
34	45
34	47
34	49
34	51
34	53
34	56
34	57
34	59
34	61
34	62
34	65
34	67
34	68
34	69
34	71
34	72
34	74
34	75
34	76
34	78
34	79
34	80
34	81
34	82
34	84
34	91
34	93
34	96
34	99
35	0
35	1
35	2
35	5
35	6
35	9
35	13
35	17
35	19
35	23
35	24
35	25
35	26
35	28
35	31
35	32
35	33
35	36
35	37
35	39
35	40
35	43
35	45
35	49
35	50
35	54
35	55
35	56
35	57
35	58
35	60
35	61
35	63
35	65
35	68
35	70
35	71
35	72
35	73
35	74
35	75
35	79
35	81
35	83
35	86
35	88
35	89
35	90
35	93
35	96
35	98
35	99
36	4
36	6
36	7
36	8
36	9
36	12
36	14
36	15
36	17
36	18
36	19
36	20
36	22
36	23
36	25
36	30
36	31
36	33
36	34
36	35
36	44
36	45
36	48
36	49
36	51
36	52
36	57
36	59
36	60
36	62
36	64
36	66
36	67
36	69
36	71
36	73
36	76
36	78
36	80
36	82
36	85
36	89
36	91
36	92
36	93
36	94
36	96
36	97
36	99
37	0
37	4
37	7
37	10
37	12
37	14
37	18
37	23
37	25
37	26
37	27
37	30
37	31
37	34
37	35
37	38
37	45
37	46
37	47
37	48
37	49
37	50
37	51
37	54
37	56
37	57
37	58
37	61
37	63
37	64
37	65
37	66
37	69
37	71
37	74
37	76
37	79
37	81
37	83
37	84
37	87
37	90
37	92
37	93
37	94
37	95
37	96
37	97
38	1
38	3
38	4
38	5
38	6
38	7
38	9
38	15
38	16
38	17
38	21
38	22
38	25
38	26
38	28
38	30
38	32
38	33
38	34
38	37
38	39
38	40
38	41
38	44
38	47
38	48
38	49
38	55
38	56
38	58
38	59
38	60
38	61
38	64
38	66
38	67
38	68
38	72
38	73
38	74
38	75
38	79
38	80
38	81
38	82
38	85
38	86
38	87
38	89
38	90
38	92
38	93
38	94
38	95
38	96
38	98
38	99
39	4
39	6
39	7
39	10
39	12
39	13
39	14
39	17
39	20
39	21
39	24
39	27
39	29
39	32
39	33
39	34
39	35
39	38
39	41
39	47
39	51
39	53
39	62
39	68
39	70
39	71
39	76
39	77
39	78
39	86
39	87
39	89
39	95
39	97
40	1
40	2
40	4
40	5
40	6
40	8
40	11
40	16
40	17
40	23
40	24
40	26
40	34
40	35
40	38
40	42
40	43
40	45
40	49
40	51
40	53
40	54
40	56
40	57
40	59
40	61
40	62
40	64
40	69
40	70
40	71
40	72
40	73
40	75
40	76
40	77
40	78
40	80
40	82
40	83
40	84
40	87
40	88
40	89
40	90
40	92
40	94
40	95
40	96
41	3
41	5
41	6
41	7
41	9
41	13
41	15
41	18
41	19
41	20
41	24
41	25
41	26
41	29
41	31
41	32
41	33
41	34
41	38
41	39
41	42
41	43
41	46
41	48
41	55
41	56
41	58
41	60
41	62
41	66
41	68
41	69
41	70
41	73
41	76
41	78
41	79
41	80
41	82
41	85
41	90
41	91
41	93
41	98
42	1
42	2
42	3
42	6
42	7
42	8
42	9
42	11
42	12
42	13
42	14
42	19
42	20
42	23
42	24
42	27
42	30
42	31
42	32
42	40
42	41
42	43
42	44
42	46
42	47
42	49
42	50
42	56
42	58
42	59
42	61
42	65
42	66
42	68
42	71
42	72
42	73
42	77
42	79
42	80
42	81
42	82
42	83
42	92
42	95
42	96
42	97
43	0
43	3
43	4
43	5
43	6
43	7
43	9
43	10
43	14
43	17
43	19
43	20
43	22
43	23
43	26
43	27
43	33
43	34
43	35
43	40
43	41
43	42
43	44
43	45
43	51
43	52
43	54
43	55
43	61
43	62
43	63
43	64
43	66
43	69
43	71
43	73
43	75
43	77
43	78
43	82
43	83
43	84
43	88
43	89
43	91
43	93
43	95
43	98
44	1
44	2
44	4
44	8
44	9
44	11
44	13
44	15
44	16
44	19
44	21
44	22
44	23
44	25
44	31
44	36
44	38
44	42
44	43
44	45
44	50
44	51
44	53
44	54
44	57
44	60
44	64
44	66
44	67
44	69
44	70
44	72
44	73
44	76
44	79
44	80
44	86
44	87
44	88
44	92
44	95
44	97
44	98
45	0
45	1
45	4
45	6
45	7
45	9
45	12
45	13
45	17
45	19
45	20
45	21
45	22
45	26
45	27
45	28
45	33
45	34
45	35
45	36
45	37
45	40
45	43
45	44
45	46
45	48
45	50
45	52
45	54
45	57
45	60
45	61
45	62
45	63
45	64
45	67
45	70
45	72
45	75
45	76
45	77
45	79
45	81
45	83
45	85
45	86
45	88
46	0
46	1
46	4
46	5
46	9
46	11
46	12
46	13
46	15
46	16
46	17
46	18
46	19
46	20
46	21
46	22
46	23
46	24
46	25
46	26
46	27
46	30
46	33
46	37
46	41
46	42
46	45
46	47
46	48
46	49
46	51
46	53
46	54
46	55
46	57
46	58
46	60
46	62
46	64
46	67
46	70
46	71
46	73
46	74
46	76
46	77
46	78
46	79
46	80
46	82
46	84
46	87
46	88
46	89
46	90
46	95
46	96
46	98
47	0
47	1
47	2
47	7
47	9
47	12
47	15
47	16
47	20
47	21
47	23
47	27
47	28
47	30
47	31
47	32
47	33
47	34
47	37
47	38
47	39
47	42
47	46
47	48
47	49
47	50
47	51
47	52
47	53
47	54
47	55
47	59
47	62
47	64
47	66
47	67
47	68
47	69
47	70
47	71
47	72
47	74
47	75
47	77
47	78
47	80
47	81
47	82
47	83
47	84
47	86
47	88
47	90
47	94
47	95
47	96
47	99
48	2
48	3
48	4
48	5
48	6
48	7
48	12
48	13
48	14
48	15
48	16
48	17
48	18
48	22
48	24
48	25
48	27
48	28
48	30
48	32
48	36
48	37
48	38
48	41
48	45
48	46
48	47
48	51
48	52
48	56
48	57
48	60
48	63
48	64
48	66
48	67
48	68
48	70
48	71
48	72
48	73
48	74
48	76
48	77
48	80
48	81
48	82
48	85
48	87
48	91
48	92
48	94
48	96
48	97
49	0
49	2
49	5
49	7
49	8
49	9
49	10
49	19
49	20
49	24
49	27
49	34
49	35
49	36
49	37
49	38
49	40
49	42
49	46
49	47
49	52
49	55
49	58
49	59
49	60
49	61
49	64
49	65
49	66
49	72
49	73
49	76
49	77
49	78
49	81
49	82
49	83
49	85
49	87
49	88
49	89
49	90
49	91
49	93
49	94
49	96
49	97
49	98
49	99
50	0
50	3
50	4
50	5
50	8
50	9
50	10
50	12
50	15
50	17
50	19
50	22
50	23
50	24
50	25
50	27
50	28
50	29
50	30
50	32
50	35
50	37
50	42
50	44
50	45
50	47
50	51
50	52
50	54
50	55
50	57
50	58
50	59
50	62
50	63
50	64
50	67
50	71
50	73
50	79
50	80
50	84
50	87
50	89
50	90
50	91
50	92
50	94
50	96
50	98
51	2
51	4
51	5
51	7
51	8
51	10
51	12
51	13
51	18
51	19
51	22
51	24
51	28
51	29
51	30
51	31
51	33
51	34
51	36
51	37
51	39
51	40
51	43
51	44
51	46
51	47
51	48
51	50
51	53
51	54
51	55
51	58
51	59
51	61
51	63
51	66
51	67
51	70
51	72
51	75
51	76
51	77
51	78
51	81
51	82
51	83
51	84
51	88
51	89
51	91
51	92
51	93
51	96
51	97
51	98
51	99
52	1
52	2
52	5
52	8
52	9
52	10
52	11
52	12
52	14
52	19
52	20
52	21
52	22
52	24
52	25
52	27
52	29
52	36
52	43
52	45
52	47
52	48
52	49
52	50
52	55
52	56
52	58
52	59
52	63
52	67
52	68
52	71
52	73
52	75
52	76
52	77
52	78
52	79
52	81
52	83
52	85
52	93
52	95
52	97
53	0
53	3
53	4
53	6
53	7
53	10
53	12
53	13
53	18
53	19
53	20
53	21
53	25
53	28
53	29
53	30
53	34
53	39
53	40
53	44
53	46
53	47
53	51
53	54
53	55
53	60
53	62
53	63
53	64
53	68
53	73
53	74
53	75
53	78
53	83
53	84
53	87
53	88
53	90
53	96
53	97
53	99
54	5
54	6
54	7
54	9
54	10
54	11
54	13
54	14
54	16
54	17
54	20
54	21
54	23
54	28
54	30
54	31
54	33
54	35
54	37
54	40
54	43
54	44
54	45
54	46
54	47
54	50
54	51
54	53
54	57
54	58
54	61
54	62
54	63
54	65
54	66
54	68
54	71
54	72
54	75
54	76
54	77
54	78
54	81
54	82
54	83
54	89
54	90
54	91
54	94
54	96
54	97
54	98
54	99
55	0
55	4
55	6
55	8
55	9
55	10
55	11
55	14
55	15
55	18
55	20
55	21
55	22
55	24
55	26
55	28
55	30
55	31
55	32
55	35
55	38
55	41
55	43
55	46
55	47
55	49
55	50
55	51
55	52
55	53
55	61
55	64
55	65
55	70
55	72
55	73
55	81
55	83
55	84
55	85
55	88
55	90
55	95
55	96
55	99
56	0
56	1
56	2
56	3
56	8
56	9
56	12
56	13
56	14
56	15
56	17
56	19
56	20
56	22
56	25
56	28
56	29
56	30
56	32
56	34
56	35
56	37
56	38
56	40
56	41
56	42
56	48
56	52
56	58
56	59
56	60
56	63
56	65
56	68
56	69
56	71
56	76
56	77
56	79
56	81
56	83
56	85
56	86
56	87
56	88
56	92
56	93
56	94
56	95
56	99
57	4
57	6
57	9
57	10
57	13
57	15
57	17
57	21
57	22
57	24
57	26
57	27
57	30
57	31
57	34
57	35
57	36
57	37
57	40
57	44
57	45
57	46
57	48
57	50
57	54
57	58
57	59
57	62
57	63
57	64
57	66
57	67
57	69
57	70
57	72
57	74
57	78
57	79
57	80
57	81
57	82
57	86
57	87
57	88
57	89
57	91
57	92
57	95
57	96
57	97
58	2
58	6
58	8
58	11
58	12
58	14
58	15
58	16
58	18
58	21
58	24
58	26
58	28
58	29
58	30
58	31
58	33
58	35
58	37
58	38
58	41
58	42
58	46
58	49
58	50
58	51
58	52
58	54
58	56
58	57
58	59
58	62
58	63
58	64
58	65
58	67
58	69
58	73
58	74
58	75
58	76
58	78
58	79
58	81
58	82
58	87
58	89
58	90
58	92
58	93
58	94
58	95
58	96
58	97
58	98
58	99
59	2
59	5
59	9
59	10
59	11
59	12
59	15
59	17
59	22
59	24
59	25
59	26
59	34
59	36
59	38
59	40
59	42
59	47
59	49
59	50
59	51
59	52
59	56
59	57
59	58
59	64
59	65
59	68
59	70
59	71
59	74
59	75
59	77
59	80
59	82
59	83
59	84
59	87
59	88
59	90
59	93
59	94
59	95
59	96
59	97
59	98
60	0
60	9
60	11
60	12
60	15
60	17
60	19
60	21
60	24
60	27
60	29
60	30
60	31
60	32
60	33
60	35
60	36
60	38
60	41
60	44
60	45
60	46
60	48
60	49
60	53
60	56
60	61
60	63
60	64
60	65
60	66
60	67
60	69
60	70
60	73
60	74
60	76
60	77
60	81
60	82
60	84
60	85
60	86
60	87
60	94
60	95
60	96
60	97
60	98
60	99
61	2
61	6
61	7
61	8
61	10
61	11
61	12
61	14
61	16
61	17
61	18
61	20
61	23
61	25
61	26
61	27
61	30
61	32
61	34
61	35
61	37
61	38
61	40
61	42
61	43
61	45
61	49
61	51
61	54
61	55
61	60
61	63
61	65
61	68
61	69
61	73
61	76
61	78
61	81
61	82
61	83
61	84
61	86
61	87
61	92
61	93
61	96
61	97
61	99
62	1
62	2
62	7
62	11
62	14
62	17
62	18
62	19
62	24
62	25
62	26
62	27
62	32
62	33
62	34
62	36
62	39
62	40
62	41
62	43
62	45
62	46
62	47
62	50
62	53
62	54
62	57
62	58
62	67
62	70
62	72
62	73
62	75
62	76
62	77
62	79
62	80
62	84
62	85
62	87
62	88
62	89
62	90
62	91
62	92
62	93
62	98
62	99
63	1
63	2
63	9
63	10
63	11
63	14
63	18
63	19
63	20
63	21
63	22
63	24
63	25
63	26
63	27
63	29
63	30
63	31
63	32
63	35
63	37
63	43
63	45
63	48
63	50
63	51
63	52
63	53
63	54
63	56
63	57
63	58
63	60
63	61
63	64
63	65
63	66
63	68
63	69
63	71
63	73
63	74
63	75
63	76
63	78
63	80
63	81
63	83
63	84
63	85
63	86
63	87
63	88
63	90
63	91
63	92
63	93
63	94
63	96
63	97
63	98
63	99
64	1
64	5
64	10
64	20
64	21
64	24
64	25
64	26
64	27
64	28
64	30
64	32
64	33
64	36
64	37
64	38
64	40
64	43
64	44
64	45
64	46
64	47
64	48
64	49
64	50
64	53
64	55
64	57
64	58
64	59
64	60
64	63
64	68
64	72
64	80
64	81
64	88
64	90
64	91
64	92
64	98
65	1
65	2
65	3
65	4
65	5
65	8
65	12
65	14
65	17
65	20
65	21
65	22
65	23
65	24
65	25
65	30
65	31
65	33
65	34
65	35
65	37
65	42
65	49
65	54
65	55
65	56
65	58
65	59
65	60
65	61
65	63
65	69
65	72
65	75
65	79
65	81
65	83
65	84
65	86
65	90
65	92
65	93
65	94
65	96
65	97
65	98
65	99
66	2
66	4
66	5
66	6
66	7
66	9
66	10
66	15
66	16
66	17
66	18
66	19
66	21
66	22
66	23
66	28
66	30
66	32
66	33
66	36
66	37
66	38
66	41
66	42
66	43
66	44
66	47
66	48
66	49
66	51
66	54
66	57
66	60
66	63
66	67
66	70
66	72
66	73
66	75
66	76
66	83
66	86
66	87
66	89
66	90
66	91
66	93
66	98
67	1
67	2
67	3
67	5
67	6
67	7
67	8
67	11
67	12
67	13
67	15
67	19
67	21
67	23
67	25
67	26
67	27
67	30
67	32
67	34
67	36
67	38
67	44
67	45
67	46
67	47
67	48
67	50
67	51
67	52
67	57
67	58
67	60
67	62
67	66
67	68
67	70
67	73
67	74
67	75
67	79
67	80
67	86
67	87
67	88
67	89
67	90
67	95
67	97
67	98
68	4
68	6
68	7
68	8
68	10
68	12
68	17
68	18
68	19
68	21
68	22
68	28
68	29
68	32
68	34
68	35
68	38
68	39
68	41
68	42
68	47
68	48
68	52
68	53
68	54
68	56
68	59
68	61
68	63
68	64
68	67
68	70
68	75
68	76
68	79
68	81
68	83
68	84
68	85
68	86
68	87
68	88
68	93
68	95
68	96
68	97
68	99
69	2
69	3
69	6
69	7
69	9
69	10
69	11
69	13
69	14
69	16
69	18
69	20
69	24
69	26
69	27
69	29
69	30
69	31
69	32
69	34
69	36
69	37
69	40
69	41
69	43
69	44
69	47
69	56
69	57
69	58
69	60
69	61
69	63
69	65
69	74
69	75
69	77
69	79
69	82
69	86
69	88
69	89
69	90
69	91
69	92
69	93
69	94
69	95
69	97
69	98
69	99
70	3
70	5
70	6
70	9
70	10
70	11
70	12
70	13
70	14
70	15
70	16
70	19
70	24
70	26
70	27
70	31
70	32
70	33
70	35
70	39
70	40
70	41
70	44
70	45
70	46
70	47
70	48
70	51
70	55
70	57
70	59
70	60
70	62
70	66
70	67
70	68
70	71
70	72
70	73
70	75
70	80
70	81
70	83
70	84
70	88
70	89
70	90
70	91
70	92
70	97
70	98
71	1
71	2
71	6
71	9
71	10
71	12
71	13
71	15
71	17
71	18
71	20
71	23
71	24
71	26
71	27
71	30
71	32
71	34
71	35
71	36
71	37
71	39
71	40
71	42
71	43
71	46
71	47
71	48
71	50
71	52
71	54
71	56
71	59
71	63
71	70
71	72
71	79
71	80
71	81
71	82
71	83
71	84
71	85
71	86
71	88
71	90
71	91
71	97
71	98
72	1
72	3
72	4
72	6
72	7
72	9
72	10
72	11
72	13
72	14
72	16
72	19
72	20
72	23
72	24
72	26
72	29
72	30
72	32
72	34
72	35
72	38
72	40
72	42
72	44
72	45
72	47
72	48
72	49
72	51
72	54
72	55
72	57
72	62
72	64
72	65
72	66
72	70
72	71
72	74
72	76
72	78
72	81
72	83
72	85
72	89
72	93
72	95
72	99
73	0
73	1
73	3
73	5
73	7
73	8
73	9
73	10
73	11
73	13
73	15
73	18
73	20
73	21
73	22
73	24
73	25
73	30
73	33
73	35
73	36
73	38
73	40
73	41
73	42
73	43
73	44
73	46
73	48
73	49
73	50
73	52
73	53
73	55
73	58
73	60
73	61
73	62
73	63
73	66
73	67
73	70
73	74
73	75
73	76
73	77
73	80
73	81
73	83
73	84
73	92
73	93
73	94
73	95
73	96
73	98
73	99
74	0
74	1
74	2
74	3
74	4
74	5
74	7
74	8
74	9
74	13
74	14
74	15
74	16
74	17
74	19
74	20
74	21
74	22
74	23
74	25
74	27
74	28
74	31
74	32
74	34
74	35
74	37
74	38
74	46
74	47
74	48
74	53
74	57
74	58
74	59
74	60
74	63
74	67
74	69
74	72
74	73
74	75
74	77
74	78
74	79
74	80
74	83
74	84
74	85
74	86
74	87
74	90
74	91
74	97
74	99
75	3
75	5
75	8
75	11
75	16
75	19
75	20
75	22
75	23
75	24
75	25
75	26
75	27
75	28
75	34
75	35
75	38
75	40
75	43
75	45
75	47
75	51
75	52
75	53
75	54
75	58
75	59
75	62
75	63
75	65
75	66
75	67
75	68
75	69
75	70
75	73
75	74
75	77
75	78
75	80
75	81
75	84
75	85
75	86
75	90
75	91
75	94
75	96
75	99
76	0
76	1
76	2
76	3
76	7
76	10
76	13
76	15
76	16
76	21
76	22
76	24
76	27
76	34
76	36
76	37
76	39
76	40
76	41
76	44
76	45
76	46
76	48
76	49
76	51
76	52
76	54
76	56
76	58
76	60
76	61
76	62
76	63
76	66
76	68
76	72
76	73
76	77
76	78
76	87
76	88
76	89
76	91
76	93
76	94
76	95
76	96
76	97
77	1
77	2
77	3
77	4
77	9
77	11
77	12
77	13
77	15
77	16
77	18
77	20
77	23
77	25
77	28
77	29
77	32
77	33
77	39
77	40
77	42
77	43
77	45
77	46
77	47
77	48
77	49
77	51
77	52
77	54
77	56
77	59
77	60
77	62
77	69
77	73
77	74
77	75
77	76
77	78
77	80
77	81
77	83
77	84
77	85
77	86
77	88
77	90
77	91
77	95
77	96
77	97
77	99
78	6
78	13
78	18
78	19
78	20
78	21
78	22
78	24
78	25
78	26
78	27
78	28
78	29
78	30
78	31
78	34
78	36
78	39
78	40
78	41
78	43
78	46
78	47
78	49
78	51
78	52
78	53
78	54
78	57
78	58
78	61
78	63
78	72
78	74
78	75
78	76
78	77
78	79
78	80
78	81
78	86
78	87
78	88
78	90
78	91
78	94
78	96
78	97
79	0
79	2
79	6
79	7
79	8
79	10
79	11
79	12
79	17
79	19
79	21
79	22
79	24
79	25
79	26
79	27
79	29
79	34
79	35
79	37
79	38
79	41
79	42
79	44
79	45
79	46
79	50
79	52
79	56
79	57
79	58
79	62
79	65
79	67
79	68
79	69
79	71
79	74
79	78
79	80
79	85
79	87
79	88
79	89
79	91
79	92
79	93
79	95
79	96
79	99
80	1
80	5
80	8
80	9
80	11
80	12
80	14
80	17
80	18
80	26
80	27
80	28
80	29
80	30
80	32
80	33
80	34
80	36
80	38
80	40
80	41
80	42
80	44
80	46
80	47
80	48
80	50
80	57
80	59
80	62
80	63
80	64
80	67
80	70
80	71
80	73
80	74
80	75
80	77
80	78
80	79
80	86
80	92
80	93
80	94
80	95
81	1
81	3
81	4
81	5
81	6
81	7
81	8
81	10
81	11
81	13
81	17
81	18
81	19
81	20
81	21
81	22
81	23
81	24
81	25
81	29
81	30
81	33
81	34
81	35
81	37
81	38
81	42
81	45
81	47
81	48
81	49
81	51
81	52
81	54
81	55
81	56
81	57
81	58
81	60
81	61
81	63
81	64
81	65
81	68
81	70
81	71
81	72
81	73
81	75
81	77
81	78
81	82
81	83
81	85
81	86
81	89
81	92
81	99
82	0
82	4
82	5
82	8
82	10
82	12
82	16
82	17
82	19
82	24
82	25
82	26
82	28
82	29
82	30
82	31
82	33
82	34
82	36
82	38
82	40
82	41
82	42
82	43
82	46
82	47
82	48
82	49
82	51
82	54
82	57
82	58
82	59
82	60
82	61
82	69
82	71
82	81
82	85
82	87
82	89
82	90
82	91
82	94
82	95
82	98
82	99
83	2
83	9
83	10
83	12
83	14
83	15
83	19
83	21
83	23
83	25
83	26
83	27
83	31
83	32
83	35
83	37
83	40
83	42
83	43
83	45
83	47
83	49
83	51
83	52
83	53
83	54
83	55
83	56
83	59
83	61
83	63
83	65
83	66
83	68
83	70
83	71
83	72
83	73
83	74
83	77
83	81
83	86
83	87
83	88
83	90
83	92
83	94
83	95
84	3
84	6
84	9
84	10
84	11
84	12
84	13
84	14
84	15
84	16
84	17
84	18
84	19
84	20
84	21
84	22
84	29
84	31
84	32
84	33
84	34
84	37
84	40
84	43
84	46
84	47
84	50
84	51
84	53
84	55
84	59
84	60
84	61
84	62
84	63
84	65
84	68
84	70
84	71
84	73
84	74
84	75
84	77
84	85
84	87
84	92
84	96
84	99
85	0
85	4
85	6
85	7
85	8
85	10
85	12
85	13
85	18
85	19
85	20
85	21
85	22
85	23
85	25
85	26
85	28
85	30
85	33
85	36
85	38
85	41
85	45
85	48
85	49
85	52
85	55
85	56
85	60
85	62
85	63
85	68
85	71
85	72
85	74
85	75
85	77
85	79
85	81
85	82
85	84
85	88
85	93
85	94
85	96
86	4
86	6
86	7
86	11
86	13
86	17
86	18
86	19
86	20
86	22
86	23
86	24
86	26
86	31
86	35
86	38
86	39
86	44
86	45
86	47
86	56
86	57
86	60
86	61
86	63
86	65
86	66
86	67
86	68
86	69
86	71
86	74
86	75
86	77
86	78
86	80
86	81
86	83
86	87
86	90
86	92
86	95
86	97
86	99
87	1
87	2
87	4
87	5
87	7
87	10
87	11
87	13
87	14
87	16
87	17
87	18
87	20
87	21
87	23
87	26
87	27
87	31
87	33
87	37
87	38
87	39
87	40
87	44
87	46
87	48
87	49
87	50
87	53
87	56
87	57
87	58
87	59
87	60
87	61
87	62
87	63
87	66
87	67
87	68
87	74
87	76
87	78
87	79
87	82
87	83
87	84
87	86
87	89
87	90
87	92
87	93
87	94
87	95
87	96
87	98
87	99
88	1
88	3
88	6
88	8
88	14
88	17
88	19
88	21
88	24
88	25
88	26
88	27
88	29
88	31
88	32
88	33
88	35
88	40
88	43
88	44
88	45
88	46
88	47
88	49
88	51
88	53
88	55
88	56
88	57
88	59
88	62
88	63
88	64
88	67
88	68
88	69
88	70
88	71
88	76
88	77
88	78
88	79
88	83
88	85
88	92
88	95
88	96
88	98
89	2
89	6
89	7
89	8
89	10
89	11
89	12
89	15
89	17
89	18
89	19
89	20
89	21
89	22
89	28
89	29
89	32
89	33
89	35
89	36
89	38
89	39
89	40
89	43
89	46
89	49
89	50
89	51
89	54
89	57
89	58
89	62
89	66
89	67
89	69
89	70
89	72
89	76
89	79
89	81
89	82
89	87
89	90
89	91
89	93
89	94
89	95
89	97
90	0
90	1
90	2
90	3
90	5
90	9
90	12
90	16
90	20
90	25
90	26
90	27
90	28
90	29
90	32
90	33
90	35
90	37
90	38
90	40
90	41
90	46
90	47
90	49
90	50
90	53
90	54
90	55
90	58
90	59
90	62
90	63
90	64
90	65
90	66
90	67
90	69
90	70
90	71
90	74
90	75
90	77
90	78
90	82
90	83
90	86
90	87
90	89
90	93
90	97
90	98
90	99
91	0
91	1
91	3
91	4
91	7
91	12
91	13
91	14
91	15
91	16
91	17
91	21
91	22
91	23
91	27
91	30
91	31
91	34
91	36
91	41
91	43
91	48
91	49
91	50
91	51
91	54
91	57
91	62
91	63
91	64
91	66
91	69
91	70
91	71
91	74
91	75
91	76
91	77
91	78
91	79
91	82
91	89
91	93
91	94
91	95
91	96
91	99
92	0
92	1
92	2
92	3
92	5
92	6
92	7
92	9
92	11
92	14
92	15
92	16
92	19
92	20
92	21
92	22
92	23
92	26
92	27
92	28
92	30
92	36
92	37
92	38
92	40
92	42
92	44
92	48
92	50
92	51
92	56
92	57
92	58
92	61
92	62
92	63
92	64
92	65
92	69
92	70
92	73
92	79
92	80
92	81
92	83
92	84
92	86
92	87
92	88
92	93
92	94
92	95
92	96
92	97
92	99
93	0
93	1
93	2
93	4
93	5
93	6
93	7
93	8
93	11
93	12
93	15
93	17
93	18
93	19
93	20
93	21
93	22
93	23
93	24
93	26
93	29
93	30
93	31
93	32
93	33
93	34
93	35
93	36
93	37
93	38
93	41
93	43
93	49
93	51
93	52
93	56
93	58
93	59
93	61
93	62
93	63
93	65
93	66
93	68
93	69
93	72
93	73
93	76
93	79
93	80
93	85
93	87
93	89
93	90
93	91
93	92
93	95
93	97
94	3
94	6
94	8
94	9
94	10
94	11
94	13
94	16
94	17
94	18
94	19
94	22
94	23
94	24
94	25
94	27
94	30
94	31
94	32
94	36
94	37
94	38
94	40
94	47
94	48
94	49
94	50
94	54
94	56
94	58
94	59
94	60
94	63
94	65
94	69
94	73
94	75
94	76
94	78
94	80
94	82
94	83
94	85
94	87
94	89
94	91
94	92
94	95
94	97
94	98
94	99
95	0
95	3
95	4
95	5
95	12
95	15
95	16
95	17
95	19
95	22
95	23
95	28
95	29
95	31
95	37
95	38
95	39
95	40
95	42
95	43
95	44
95	46
95	47
95	52
95	55
95	56
95	57
95	58
95	59
95	60
95	67
95	68
95	69
95	72
95	73
95	76
95	77
95	79
95	80
95	82
95	83
95	86
95	87
95	88
95	89
95	91
95	92
95	93
95	94
95	98
95	99
96	3
96	4
96	5
96	7
96	10
96	12
96	13
96	14
96	18
96	21
96	23
96	24
96	26
96	27
96	29
96	30
96	31
96	32
96	33
96	34
96	35
96	36
96	37
96	38
96	40
96	42
96	46
96	47
96	48
96	49
96	50
96	51
96	53
96	54
96	55
96	57
96	58
96	59
96	60
96	61
96	63
96	65
96	68
96	73
96	75
96	76
96	77
96	78
96	79
96	84
96	85
96	87
96	88
96	91
96	92
96	97
96	98
97	2
97	3
97	6
97	7
97	9
97	10
97	12
97	13
97	18
97	19
97	20
97	21
97	23
97	24
97	25
97	28
97	29
97	30
97	32
97	36
97	37
97	39
97	42
97	44
97	48
97	49
97	51
97	52
97	53
97	54
97	57
97	58
97	59
97	60
97	61
97	63
97	65
97	67
97	68
97	69
97	70
97	71
97	74
97	76
97	77
97	78
97	86
97	89
97	90
97	92
97	93
97	94
97	96
97	99
98	1
98	2
98	3
98	7
98	9
98	11
98	12
98	14
98	16
98	17
98	18
98	19
98	20
98	25
98	26
98	27
98	28
98	29
98	33
98	35
98	38
98	41
98	43
98	44
98	46
98	49
98	50
98	51
98	54
98	58
98	59
98	60
98	62
98	63
98	64
98	65
98	66
98	67
98	69
98	70
98	71
98	73
98	82
98	87
98	88
98	90
98	94
98	95
98	96
99	1
99	5
99	9
99	10
99	13
99	14
99	17
99	19
99	24
99	25
99	26
99	28
99	30
99	32
99	34
99	35
99	36
99	38
99	47
99	49
99	51
99	53
99	54
99	55
99	56
99	58
99	60
99	61
99	62
99	63
99	65
99	68
99	69
99	72
99	73
99	74
99	75
99	77
99	79
99	81
99	82
99	84
99	86
99	87
99	90
99	91
99	92
99	94
99	95
99	97
