0	6
0	13
0	15
0	18
0	20
0	22
0	24
0	25
0	27
0	31
0	33
0	34
0	37
0	39
0	40
0	43
0	44
0	46
0	49
0	50
0	51
0	52
0	53
0	54
0	58
0	59
0	60
0	61
0	63
0	64
0	65
0	66
0	68
0	69
0	70
0	71
0	75
0	76
0	77
0	84
0	86
0	87
0	90
0	93
0	97
0	99
1	2
1	3
1	4
1	6
1	9
1	13
1	14
1	17
1	19
1	20
1	25
1	28
1	32
1	33
1	34
1	35
1	40
1	41
1	42
1	46
1	48
1	49
1	50
1	53
1	55
1	62
1	63
1	65
1	66
1	70
1	72
1	74
1	75
1	76
1	77
1	78
1	80
1	81
1	82
1	83
1	85
1	86
1	91
1	92
1	96
1	97
1	99
2	3
2	4
2	6
2	10
2	11
2	12
2	15
2	19
2	20
2	21
2	24
2	28
2	32
2	33
2	34
2	35
2	36
2	37
2	38
2	39
2	41
2	44
2	45
2	46
2	50
2	51
2	56
2	59
2	61
2	64
2	68
2	70
2	71
2	72
2	73
2	80
2	83
2	86
2	88
2	89
2	91
2	92
2	94
2	98
3	4
3	6
3	8
3	10
3	12
3	13
3	16
3	19
3	22
3	24
3	26
3	27
3	29
3	30
3	34
3	35
3	40
3	41
3	43
3	45
3	47
3	51
3	52
3	55
3	56
3	57
3	58
3	59
3	61
3	62
3	63
3	66
3	67
3	70
3	71
3	73
3	74
3	76
3	82
3	85
3	86
3	89
3	90
3	91
3	92
3	94
3	95
3	96
3	98
3	99
4	8
4	9
4	14
4	15
4	16
4	17
4	18
4	26
4	27
4	28
4	29
4	32
4	33
4	34
4	36
4	39
4	40
4	44
4	51
4	52
4	55
4	56
4	57
4	59
4	60
4	61
4	62
4	64
4	68
4	70
4	71
4	74
4	75
4	76
4	87
4	88
4	89
4	92
4	93
4	94
4	97
4	98
5	6
5	9
5	10
5	11
5	13
5	15
5	19
5	20
5	21
5	24
5	29
5	31
5	32
5	33
5	34
5	35
5	37
5	40
5	41
5	42
5	46
5	47
5	49
5	50
5	52
5	54
5	58
5	59
5	61
5	64
5	65
5	66
5	67
5	68
5	69
5	70
5	74
5	77
5	79
5	82
5	83
5	84
5	85
5	86
5	87
5	89
5	90
5	93
5	94
5	95
5	96
5	98
5	99
6	7
6	12
6	14
6	16
6	17
6	19
6	20
6	24
6	25
6	26
6	30
6	34
6	35
6	42
6	43
6	46
6	47
6	49
6	50
6	52
6	57
6	60
6	61
6	64
6	65
6	66
6	69
6	70
6	75
6	79
6	81
6	82
6	84
6	85
6	86
6	88
6	96
6	97
6	99
7	8
7	10
7	11
7	12
7	13
7	15
7	16
7	18
7	21
7	22
7	23
7	25
7	30
7	31
7	35
7	38
7	39
7	41
7	43
7	44
7	45
7	47
7	52
7	54
7	57
7	60
7	61
7	62
7	63
7	64
7	66
7	67
7	70
7	71
7	72
7	78
7	80
7	81
7	82
7	83
7	84
7	86
7	88
7	89
7	90
7	91
7	97
7	98
8	9
8	15
8	16
8	17
8	18
8	22
8	23
8	26
8	28
8	29
8	31
8	32
8	33
8	34
8	39
8	45
8	47
8	49
8	51
8	56
8	59
8	61
8	63
8	66
8	69
8	70
8	71
8	73
8	74
8	75
8	76
8	78
8	82
8	84
8	87
8	88
8	89
8	91
8	95
8	96
8	97
8	98
8	99
9	10
9	11
9	17
9	18
9	19
9	22
9	26
9	27
9	28
9	31
9	32
9	34
9	35
9	40
9	42
9	43
9	47
9	49
9	50
9	51
9	57
9	62
9	64
9	66
9	68
9	69
9	70
9	71
9	74
9	75
9	78
9	80
9	81
9	83
9	85
9	91
9	93
9	95
9	98
9	99
10	11
10	13
10	15
10	17
10	20
10	21
10	24
10	30
10	32
10	33
10	34
10	37
10	38
10	39
10	41
10	42
10	44
10	45
10	50
10	51
10	53
10	54
10	56
10	58
10	59
10	62
10	66
10	67
10	68
10	70
10	74
10	75
10	77
10	78
10	79
10	80
10	84
10	86
10	92
10	93
11	12
11	13
11	14
11	17
11	22
11	23
11	25
11	29
11	30
11	32
11	34
11	35
11	36
11	43
11	49
11	50
11	51
11	53
11	54
11	55
11	56
11	57
11	58
11	64
11	66
11	71
11	72
11	74
11	75
11	76
11	78
11	83
11	86
11	87
11	91
11	93
11	94
12	13
12	14
12	15
12	16
12	18
12	20
12	21
12	22
12	24
12	25
12	27
12	28
12	29
12	30
12	31
12	32
12	34
12	35
12	43
12	45
12	46
12	48
12	49
12	50
12	52
12	53
12	55
12	56
12	60
12	61
12	63
12	64
12	65
12	70
12	71
12	73
12	74
12	75
12	76
12	79
12	81
12	85
12	87
12	88
12	90
12	91
12	92
12	94
12	99
13	15
13	21
13	25
13	26
13	27
13	29
13	31
13	32
13	33
13	35
13	36
13	37
13	38
13	42
13	43
13	44
13	46
13	50
13	54
13	55
13	57
13	59
13	61
13	63
13	70
13	71
13	73
13	74
13	75
13	77
13	78
13	79
13	80
13	82
13	84
13	85
13	88
13	89
13	90
13	92
13	93
13	95
13	96
13	98
14	16
14	18
14	20
14	22
14	23
14	25
14	27
14	28
14	30
14	32
14	33
14	34
14	35
14	36
14	39
14	40
14	41
14	43
14	44
14	50
14	51
14	52
14	53
14	54
14	58
14	59
14	60
14	62
14	66
14	67
14	69
14	72
14	74
14	75
14	77
14	82
14	83
14	84
14	86
14	88
14	91
14	93
14	94
14	96
14	97
14	98
15	17
15	19
15	20
15	21
15	27
15	28
15	30
15	33
15	34
15	36
15	37
15	39
15	42
15	45
15	46
15	49
15	50
15	59
15	60
15	62
15	64
15	65
15	66
15	68
15	74
15	75
15	77
15	78
15	79
15	81
15	83
15	85
15	87
15	89
15	90
15	91
15	96
15	97
15	98
15	99
16	19
16	21
16	24
16	25
16	27
16	28
16	30
16	31
16	32
16	34
16	35
16	36
16	37
16	38
16	40
16	43
16	44
16	47
16	48
16	51
16	55
16	56
16	57
16	64
16	67
16	68
16	70
16	71
16	72
16	75
16	76
16	77
16	78
16	80
16	82
16	84
16	85
16	86
16	87
16	88
16	89
16	94
16	95
17	18
17	21
17	22
17	24
17	27
17	28
17	29
17	35
17	40
17	41
17	44
17	47
17	48
17	49
17	51
17	54
17	56
17	57
17	60
17	62
17	63
17	64
17	65
17	66
17	67
17	69
17	70
17	71
17	73
17	75
17	77
17	78
17	79
17	81
17	83
17	84
17	86
17	90
17	92
17	96
17	97
18	21
18	23
18	24
18	28
18	30
18	31
18	33
18	35
18	36
18	38
18	39
18	41
18	42
18	45
18	47
18	48
18	49
18	50
18	53
18	54
18	56
18	58
18	60
18	62
18	63
18	65
18	67
18	68
18	73
18	75
18	76
18	78
18	79
18	80
18	84
18	86
18	87
18	88
18	90
18	91
18	92
18	95
18	96
18	99
19	20
19	21
19	24
19	26
19	28
19	32
19	35
19	40
19	45
19	46
19	48
19	50
19	51
19	52
19	54
19	56
19	66
19	68
19	69
19	72
19	73
19	74
19	75
19	78
19	81
19	82
19	83
19	84
19	87
19	90
19	91
19	94
19	95
19	96
19	99
20	22
20	23
20	25
20	26
20	27
20	28
20	29
20	31
20	34
20	36
20	39
20	42
20	43
20	44
20	45
20	46
20	47
20	49
20	50
20	52
20	53
20	54
20	56
20	58
20	60
20	61
20	63
20	64
20	66
20	67
20	70
20	71
20	72
20	76
20	80
20	81
20	82
20	83
20	84
20	85
20	86
20	88
20	89
20	90
20	91
20	93
20	94
20	95
20	96
21	23
21	24
21	26
21	31
21	32
21	35
21	36
21	38
21	39
21	40
21	43
21	48
21	50
21	51
21	53
21	54
21	55
21	57
21	59
21	60
21	62
21	64
21	65
21	68
21	71
21	72
21	73
21	74
21	75
21	77
21	80
21	81
21	82
21	85
21	86
21	87
21	88
21	89
21	91
21	92
21	93
21	95
21	96
21	97
21	98
21	99
22	23
22	24
22	26
22	27
22	28
22	33
22	34
22	35
22	38
22	39
22	40
22	42
22	43
22	45
22	47
22	48
22	50
22	51
22	52
22	53
22	54
22	57
22	61
22	62
22	64
22	66
22	67
22	68
22	69
22	70
22	71
22	72
22	73
22	77
22	79
22	80
22	81
22	87
22	88
22	90
22	94
22	95
22	99
23	24
23	25
23	26
23	27
23	28
23	29
23	30
23	31
23	32
23	33
23	34
23	35
23	37
23	38
23	40
23	43
23	46
23	47
23	48
23	50
23	53
23	56
23	57
23	61
23	62
23	66
23	68
23	69
23	70
23	71
23	73
23	75
23	76
23	77
23	78
23	80
23	81
23	82
23	90
23	91
23	96
23	97
23	98
23	99
24	25
24	26
24	28
24	29
24	30
24	31
24	33
24	35
24	37
24	38
24	39
24	40
24	41
24	46
24	47
24	49
24	52
24	53
24	54
24	55
24	56
24	57
24	59
24	60
24	61
24	62
24	67
24	68
24	69
24	71
24	72
24	75
24	76
24	77
24	79
24	80
24	81
24	83
24	84
24	85
24	86
24	87
24	88
24	90
24	91
24	93
24	94
24	95
24	99
25	26
25	29
25	31
25	33
25	35
25	38
25	39
25	40
25	41
25	44
25	46
25	48
25	52
25	55
25	56
25	57
25	58
25	59
25	60
25	61
25	63
25	64
25	66
25	68
25	69
25	70
25	71
25	72
25	74
25	76
25	77
25	79
25	81
25	86
25	87
25	89
25	90
25	93
25	95
25	96
25	98
25	99
26	28
26	29
26	30
26	31
26	32
26	35
26	36
26	37
26	44
26	47
26	48
26	52
26	54
26	55
26	56
26	57
26	60
26	61
26	63
26	64
26	65
26	66
26	67
26	69
26	70
26	71
26	72
26	73
26	74
26	75
26	77
26	80
26	84
26	87
26	88
26	89
26	90
26	91
26	93
26	94
26	95
26	96
27	29
27	33
27	34
27	36
27	37
27	41
27	45
27	47
27	49
27	54
27	55
27	56
27	57
27	61
27	62
27	63
27	64
27	67
27	70
27	71
27	73
27	74
27	80
27	81
27	83
27	84
27	86
27	87
27	88
27	89
27	90
27	92
27	93
27	95
27	97
27	99
28	30
28	31
28	35
28	37
28	39
28	40
28	41
28	42
28	44
28	46
28	47
28	49
28	51
28	52
28	53
28	54
28	56
28	62
28	64
28	68
28	70
28	71
28	73
28	74
28	76
28	79
28	82
28	86
28	89
28	90
28	92
28	95
28	96
28	97
28	98
29	33
29	35
29	36
29	39
29	41
29	45
29	46
29	47
29	48
29	49
29	52
29	53
29	57
29	62
29	63
29	64
29	70
29	71
29	73
29	75
29	78
29	79
29	83
29	85
29	87
29	89
29	90
29	93
29	95
29	97
29	99
30	32
30	34
30	39
30	40
30	44
30	45
30	47
30	50
30	52
30	53
30	54
30	57
30	60
30	61
30	63
30	70
30	72
30	73
30	74
30	83
30	86
30	87
30	88
30	89
30	90
30	91
30	93
30	95
30	97
30	99
31	33
31	34
31	35
31	36
31	37
31	38
31	42
31	43
31	45
31	48
31	49
31	50
31	51
31	53
31	56
31	61
31	62
31	63
31	66
31	71
31	73
31	78
31	82
31	84
31	86
31	87
31	88
31	90
31	93
31	96
31	97
31	98
32	33
32	34
32	35
32	38
32	39
32	40
32	41
32	43
32	45
32	50
32	52
32	53
32	54
32	55
32	58
32	59
32	60
32	63
32	65
32	66
32	67
32	68
32	72
32	79
32	86
32	87
32	90
32	91
32	92
32	98
32	99
33	35
33	38
33	39
33	40
33	42
33	45
33	47
33	49
33	50
33	51
33	52
33	58
33	59
33	60
33	63
33	64
33	65
33	66
33	67
33	69
33	74
33	75
33	77
33	78
33	80
33	81
33	83
33	85
33	87
33	88
33	92
33	93
33	94
33	95
33	99
34	36
34	37
34	38
34	39
34	43
34	47
34	48
34	49
34	50
34	51
34	53
34	57
34	58
34	59
34	60
34	64
34	66
34	68
34	69
34	70
34	73
34	74
34	79
34	80
34	84
34	88
34	93
34	94
34	96
34	97
34	99
35	38
35	40
35	41
35	42
35	46
35	47
35	48
35	52
35	53
35	54
35	56
35	57
35	59
35	61
35	63
35	64
35	66
35	68
35	72
35	76
35	80
35	81
35	82
35	84
35	85
35	86
35	92
35	94
35	97
35	98
36	39
36	40
36	41
36	42
36	43
36	44
36	45
36	46
36	49
36	50
36	51
36	52
36	53
36	54
36	56
36	59
36	61
36	67
36	68
36	69
36	70
36	72
36	74
36	75
36	76
36	77
36	79
36	84
36	85
36	88
36	89
36	92
36	93
36	97
36	98
37	42
37	43
37	46
37	47
37	49
37	52
37	53
37	54
37	55
37	63
37	64
37	65
37	66
37	70
37	71
37	72
37	76
37	77
37	79
37	80
37	81
37	83
37	84
37	90
37	91
37	93
37	94
37	99
38	41
38	43
38	44
38	50
38	53
38	56
38	58
38	63
38	64
38	67
38	68
38	70
38	74
38	75
38	77
38	78
38	80
38	82
38	84
38	85
38	86
38	92
38	94
38	97
38	98
39	45
39	46
39	49
39	50
39	51
39	52
39	54
39	56
39	57
39	66
39	68
39	69
39	73
39	74
39	76
39	77
39	78
39	80
39	81
39	82
39	84
39	85
39	91
39	94
39	97
39	98
40	46
40	48
40	49
40	51
40	54
40	55
40	56
40	57
40	61
40	62
40	63
40	64
40	66
40	69
40	70
40	71
40	73
40	74
40	76
40	85
40	87
40	90
40	91
40	92
40	93
40	96
40	97
40	98
40	99
41	43
41	44
41	45
41	46
41	48
41	49
41	50
41	51
41	52
41	53
41	55
41	56
41	57
41	58
41	60
41	61
41	63
41	64
41	65
41	66
41	67
41	69
41	70
41	71
41	75
41	76
41	77
41	78
41	84
41	86
41	88
41	91
41	93
41	94
41	96
41	97
42	43
42	44
42	45
42	46
42	47
42	48
42	50
42	52
42	53
42	60
42	61
42	62
42	63
42	67
42	68
42	71
42	72
42	73
42	77
42	78
42	79
42	81
42	85
42	86
42	88
42	89
42	92
42	93
42	94
42	97
42	99
43	44
43	45
43	47
43	49
43	52
43	53
43	56
43	59
43	62
43	63
43	65
43	66
43	67
43	68
43	69
43	70
43	71
43	72
43	74
43	75
43	76
43	77
43	78
43	79
43	81
43	84
43	85
43	87
43	90
43	91
43	94
43	98
44	45
44	46
44	47
44	53
44	57
44	58
44	63
44	67
44	69
44	71
44	72
44	75
44	77
44	78
44	79
44	80
44	82
44	84
44	86
44	87
44	91
44	94
44	95
44	98
44	99
45	48
45	53
45	56
45	58
45	66
45	69
45	75
45	77
45	81
45	86
45	88
45	89
45	90
45	92
45	94
45	96
45	99
46	47
46	48
46	52
46	53
46	56
46	60
46	63
46	65
46	66
46	69
46	73
46	76
46	79
46	80
46	81
46	82
46	85
46	87
46	89
46	90
46	93
46	95
46	96
46	98
46	99
47	51
47	53
47	55
47	56
47	58
47	62
47	63
47	65
47	66
47	68
47	69
47	71
47	73
47	75
47	78
47	80
47	81
47	82
47	84
47	86
47	87
47	88
47	89
47	92
47	93
47	94
47	97
48	50
48	52
48	54
48	56
48	57
48	63
48	65
48	66
48	67
48	69
48	70
48	71
48	72
48	73
48	74
48	75
48	77
48	78
48	79
48	80
48	82
48	83
48	85
48	87
48	89
48	90
48	97
49	50
49	51
49	52
49	54
49	57
49	58
49	59
49	60
49	61
49	62
49	66
49	67
49	68
49	70
49	71
49	72
49	75
49	78
49	79
49	80
49	81
49	83
49	87
49	88
49	89
49	91
49	95
49	97
49	98
49	99
50	51
50	52
50	53
50	55
50	56
50	59
50	64
50	65
50	66
50	67
50	68
50	70
50	74
50	76
50	77
50	80
50	81
50	83
50	84
50	87
50	89
50	90
50	94
50	95
50	96
50	97
50	99
51	52
51	57
51	58
51	59
51	60
51	63
51	64
51	67
51	68
51	72
51	73
51	75
51	76
51	78
51	79
51	80
51	81
51	82
51	83
51	84
51	85
51	87
51	88
51	89
51	90
51	96
52	59
52	60
52	61
52	62
52	63
52	65
52	66
52	68
52	72
52	75
52	76
52	78
52	81
52	82
52	84
52	85
52	87
52	90
52	92
52	94
52	97
52	98
52	99
53	54
53	55
53	56
53	58
53	65
53	66
53	67
53	68
53	69
53	72
53	73
53	74
53	75
53	77
53	78
53	79
53	80
53	82
53	83
53	84
53	85
53	87
53	90
53	91
53	94
53	96
53	98
53	99
54	57
54	58
54	61
54	62
54	64
54	66
54	70
54	77
54	79
54	80
54	81
54	82
54	83
54	86
54	89
54	92
54	94
54	99
55	58
55	60
55	61
55	62
55	68
55	71
55	72
55	74
55	76
55	78
55	81
55	82
55	83
55	84
55	85
55	86
55	89
55	92
55	93
55	94
55	95
55	96
55	98
56	57
56	60
56	61
56	63
56	65
56	71
56	72
56	73
56	75
56	78
56	81
56	83
56	86
56	88
56	91
56	93
56	95
56	96
56	97
57	60
57	61
57	62
57	63
57	65
57	66
57	67
57	69
57	73
57	74
57	77
57	78
57	79
57	80
57	81
57	82
57	83
57	84
57	85
57	86
57	88
57	89
57	92
57	93
57	94
57	95
57	98
57	99
58	61
58	62
58	63
58	65
58	66
58	69
58	70
58	73
58	75
58	79
58	83
58	85
58	86
58	88
58	93
58	98
59	62
59	63
59	68
59	71
59	72
59	78
59	79
59	80
59	81
59	86
59	88
59	89
59	90
59	92
59	93
59	95
59	97
59	98
59	99
60	61
60	62
60	71
60	72
60	75
60	77
60	79
60	80
60	82
60	83
60	85
60	86
60	87
60	90
60	93
60	94
60	95
60	96
60	97
60	98
60	99
61	65
61	68
61	69
61	70
61	71
61	72
61	73
61	74
61	76
61	78
61	80
61	81
61	87
61	88
61	91
61	92
61	93
61	95
61	96
61	97
61	98
61	99
62	63
62	65
62	68
62	69
62	73
62	77
62	78
62	79
62	81
62	82
62	84
62	87
62	88
62	89
62	90
62	91
62	93
62	94
62	97
63	66
63	67
63	68
63	69
63	70
63	76
63	78
63	79
63	81
63	87
63	89
63	92
63	93
63	96
63	99
64	66
64	67
64	68
64	69
64	70
64	76
64	77
64	85
64	86
64	89
64	90
64	91
64	92
64	94
64	96
64	97
64	98
64	99
65	66
65	67
65	68
65	71
65	72
65	74
65	76
65	77
65	79
65	80
65	82
65	83
65	85
65	86
65	87
65	92
65	95
65	96
66	67
66	69
66	71
66	72
66	73
66	74
66	75
66	76
66	77
66	78
66	79
66	80
66	85
66	88
66	89
66	90
66	92
66	93
66	94
66	95
66	97
67	68
67	69
67	71
67	72
67	75
67	76
67	80
67	81
67	86
67	89
67	90
67	91
67	92
67	94
67	95
67	98
68	69
68	71
68	72
68	76
68	77
68	80
68	81
68	83
68	85
68	86
68	87
68	95
69	71
69	72
69	74
69	75
69	76
69	77
69	79
69	81
69	83
69	85
69	86
69	87
69	88
69	91
69	94
69	96
69	97
69	98
69	99
70	71
70	75
70	76
70	78
70	80
70	82
70	84
70	85
70	86
70	87
70	88
70	90
70	91
70	92
70	95
70	96
70	99
71	74
71	75
71	79
71	81
71	83
71	85
71	86
71	87
71	89
71	90
71	91
71	94
71	95
71	98
71	99
72	73
72	74
72	75
72	76
72	77
72	78
72	82
72	84
72	87
72	97
72	98
73	77
73	78
73	79
73	84
73	86
73	88
73	97
73	98
74	76
74	81
74	84
74	86
74	88
74	91
74	98
74	99
75	80
75	84
75	85
75	86
75	89
75	92
75	93
75	94
75	96
75	99
76	77
76	81
76	83
76	86
76	87
76	88
76	89
76	91
76	95
76	97
76	98
77	79
77	80
77	81
77	82
77	83
77	85
77	86
77	87
77	88
77	93
77	95
77	96
77	99
78	80
78	81
78	83
78	85
78	87
78	91
78	92
78	93
78	94
78	96
78	97
78	98
79	80
79	83
79	87
79	91
79	94
79	95
79	96
79	97
79	99
80	81
80	82
80	83
80	84
80	86
80	88
80	90
80	91
80	92
80	93
80	94
80	95
80	96
80	99
81	82
81	84
81	86
81	90
81	93
81	98
81	99
82	83
82	84
82	85
82	86
82	87
82	89
82	95
82	98
83	87
83	88
83	89
83	91
83	92
83	93
83	94
83	98
83	99
84	85
84	86
84	87
84	89
84	90
84	91
84	92
84	94
84	95
84	96
84	99
85	86
85	88
85	91
85	94
86	87
86	88
86	90
86	93
86	94
86	96
86	97
86	98
86	99
87	89
87	92
87	93
87	94
87	95
87	96
88	92
88	93
88	94
88	95
88	98
89	91
89	92
89	96
90	92
90	94
90	95
90	96
90	98
90	99
91	92
91	96
92	93
92	94
92	96
92	97
92	99
93	96
94	96
94	98
95	96
95	98
97	98
